0.011597011285082136 0.7044093796188627 2.5259242989438953 2.5259242989438953 4.811816184550391 
-0.2075231357330875 -0.36773772650805037 1.2205984390284759 0.5504887740144078 1.8842721517784642 
-1.571255549098796 1.3239086061359409 -1.4781295145288795 -1.4317272211860508 -3.191273694206024 
-0.8229056212035456 2.2710344649138476 -2.1248496365297873 -2.1248496365297873 -4.130497384139767 
0.9702776352580227 0.9133686513910869 -3.523871333575089 -3.2257386568760413 -6.631436828496352 
-1.9976785967234716 -2.784358795118676 -1.4348139746882291 -1.4348139746882291 -2.83144180074263 
0.18605307791160725 1.1452351081161984 1.8364493765553098 1.8364493765553098 3.697326486513485 
2.4637866285643257 0.45845933496930247 2.440812474509568 2.440812474509568 4.857862028400623 
0.7823712253595192 1.0469915570118289 -1.5011527984139494 -1.5011527984139494 -3.125951730925251 
-0.14225842254292592 0.9204452343783711 -1.6204615831148201 -1.6204615831148201 -3.442630048690423 
-1.4947637637291036 1.2143440595347148 -1.2759836402904403 -1.7243292995652202 -2.6960236569737672 
-0.021438046610835183 -0.0022441523507519437 3.226375495023243 3.226375495023243 6.7008972027059635 
-0.36683039977772025 0.9035584281823064 -1.5471339400254336 -1.5471339400254336 -2.9621386894233366 
-0.028264726271369806 -1.6916283019703593 2.0888677042622916 2.0888677042622916 4.604380066272388 
0.1922931746694267 1.568714672798761 2.9110511589329677 3.0895443973227197 5.92886055659142 
-0.5618030521207058 -0.41068170512413815 1.830855676633344 2.415361290799158 4.28472894968297 
0.6357520691546525 -0.8521260139891205 -2.4176131461266124 -2.4176131461266124 -4.996186557849706 
-0.14686444534098234 -1.3656297829533366 4.470869847075381 1.3106824510055324 5.477604277336001 
-0.7959203032389649 0.1409001702459843 2.812748674854287 2.812748674854287 5.995009213300964 
1.047874514220394 -0.18319437753021547 0.8286063036742248 2.55352383979752 3.106360351278344 
-0.5801922936846242 1.362922031287538 1.1939033965439187 1.1939033965439187 2.674919078061694 
-0.06852169003506492 0.6608382618212385 1.9670933034758031 1.9670933034758031 3.9031305842428248 
0.4922705071145675 0.4061504048093612 0.9679558843117047 0.9679558843117047 2.130067541686111 
-1.2998720602051794 0.18914767970200363 2.737353425352855 2.737353425352855 5.790510161168317 
0.5107547432873356 0.07841096463072507 -2.2900063213818846 -2.746944440307728 -5.103715894697245 
-0.1620316679472495 -0.2709220147315336 2.0058933007537747 2.0058933007537747 3.7860045861135254 
0.968690620584854 0.23550366292830963 0.9892259702339603 2.5406327099327712 3.777434783044282 
-0.14828027049926926 -0.11743090651368124 2.975615897366287 2.975615897366287 5.959122489083965 
-2.0065166793920812 -0.6578589696619616 -2.1752227772118267 -2.1752227772118267 -4.420024925430291 
-0.6499156632427537 0.5682212336152606 4.027563012144288 4.027563012144288 8.355428879398502 
-0.37165854039619517 -0.736143486928168 0.8932062242675103 2.0352699423576035 3.0624567283234194 
-1.9845001542311902 -0.28652328495796425 2.1019038121611118 2.1019038121611118 3.9502897344733787 
-0.3810171206020065 -0.47360731990832394 -2.929711686116522 -1.8277049756331085 -4.543674478918331 
-0.04823186839818507 0.09814315624516774 2.4504757317696995 2.51251826419024 4.908678345461626 
0.7770887563180512 0.981041404709648 2.3680163709179003 2.3680163709179003 4.442297683419947 
-0.32588958607998636 0.1578899385357445 -1.5475256444343644 -1.5475256444343644 -3.1580812844289055 
0.01866658423736484 0.9284977127434325 1.814360942569553 1.814360942569553 3.5982870046642614 
-0.12481335240648066 -0.6855225822624817 1.7134707740591155 1.7134707740591155 3.5732565986626335 
0.13165499668824351 -0.5171736286700136 1.8689337242479538 2.523923506432987 4.5973986953234345 
1.1785897871938642 -0.6211552133701667 2.1876860783652177 2.1876860783652177 4.237622835897821 
-0.21127106112843452 0.27319482963630837 2.485900620221942 2.485900620221942 5.062670205811987 
-1.4851842744613326 -0.8352803244771285 -2.020112651547251 -2.020112651547251 -3.7043227292000678 
1.6862484157712851 -0.8828059294688162 -2.1775096483838214 -1.436772026020944 -3.6639807480640263 
-1.0503442575238724 -1.4855027737619269 -1.8003624202482187 -3.4059662106182733 -5.428024703461613 
-0.8391051561008782 -1.0908030963817945 2.0511858120886894 0.9180462498524196 2.9308836849360906 
0.4796112631702371 0.4773210109859236 1.3883251639113443 1.3883251639113443 2.8024075316495503 
-0.9626913778409298 0.02890584486928264 -3.0041464709684975 -1.9236100646533774 -4.573741782143679 
0.45343239949189595 -0.9330682435655703 1.7942754564413235 3.0474028786224974 4.854304090256807 
0.08368484847850066 -0.2171936201829119 -2.785831223209151 -1.0429233175685089 -4.046621483731611 
0.4329196506095928 -1.923059824176441 2.4344881411133064 2.4403998797397457 5.129225100075595 
-0.6188311438656099 1.0849635272400366 1.4424234300410397 2.6121135955969423 3.9714535136804874 
-1.1249618519238112 2.6576378459030856 1.9648745879058198 2.367679163706224 4.3370121954561505 
-0.05904061948126364 -1.067878885283542 -0.8875989753254778 -0.8875989753254778 -1.6715036135543169 
0.20991170992360675 0.7674443886786535 1.6033702860385817 1.6033702860385817 3.1014788748813644 
-0.08658189738803089 -0.022972875846081958 -1.6908978529451608 -1.2566969359928246 -2.928506756693547 
-0.8297525668485587 0.5910038823576997 -2.82610314262363 -2.82610314262363 -5.6669376357789165 
0.15305930132855405 -0.6439819169329418 -1.9895336127083572 -2.2052606374817305 -3.8233911351482437 
-1.1053406600269995 -0.022601350305337064 0.3395255513551425 1.4181233329493632 1.5542917553940665 
0.7735414636647745 0.9317590083827574 -1.7911632580238481 -1.3101554413478513 -3.166110269641605 
1.0049367520949748 -0.45095789039119305 1.2793274424883578 1.2793274424883578 2.7490311151440032 
-0.6433674861554645 -0.5941672676856168 1.7331036265306543 2.6190195535164666 4.037871047713906 
-1.415449354798456 0.2038912524607652 -2.4892788105958346 -2.2172637773508908 -4.802953849949598 
0.3449937026081122 -0.6159304915664203 1.5699597156985148 1.5699597156985148 3.061447750426129 
0.14881339453081793 1.7697980226676873 -2.873444045811949 -1.981572684949574 -4.735169697115474 
0.9090567125453215 0.4534091569018924 1.4494334175472885 1.4494334175472885 2.8236484876465777 
0.1677750281702902 -1.623817526930862 -2.242261249467753 -2.3471946168316986 -4.506670166207081 
1.7038535886564683 0.002420420363918534 -2.7916690003477003 -2.129622628846619 -4.771635434106312 
2.0650974007977756 -0.001841004641066375 -1.390035828411799 -1.9525397801902475 -3.337447764274626 
-0.9368058879300929 0.010504169665891456 -2.3770626584165386 -2.3770626584165386 -4.739722633920514 
0.9102205017999686 -2.057501137428649 -2.5103807677459176 -2.5103807677459176 -4.855139376842632 
0.24316064491519357 0.7706750764262544 2.2246648797973854 2.2246648797973854 4.356130386006987 
-0.5538771492457994 -0.8866401894894548 -2.170140916433226 -2.170140916433226 -4.224871838187973 
1.0825429713468422 0.6050692676228252 -1.6721309954458645 -2.0138683625136586 -3.75209611569591 
0.3150269637912546 -0.8383020684193534 1.6874483303247754 2.4829993137323134 4.175605862738382 
0.4383246649562339 0.24283435258880423 1.6334772915111593 1.6334772915111593 3.4929517449777068 
-0.24397917438261763 -0.7503031367560924 -2.523686977652557 -2.523686977652557 -4.651712955054825 
0.5340658628385655 -0.8917008014034171 -1.5917693765943721 -1.5917693765943721 -3.0062523958197227 
-0.13343260107272087 0.5626271260513671 -2.6697687938772194 -2.6697687938772194 -5.322465517972513 
-1.773710707097532 0.23770836435000425 0.726532141865819 0.726532141865819 1.3499635125016276 
1.2195282559525271 -1.1020492579470678 -1.418566783371754 -3.2046673374698726 -4.611565750016705 
-1.6600093283161281 -0.018118752739039838 -2.3552078509304217 -2.3552078509304217 -4.761614837482826 
-1.1899855761066847 -1.19282449363672 -0.9023785254589523 -2.133486998447433 -2.8715818934797257 
-1.017869858981853 -0.5990055536268984 2.1417684175140095 2.1417684175140095 4.209965227501924 
2.833033020347932 1.971616730876214 2.2972945982480715 2.3829097553757297 4.691323525708118 
1.0603870703056932 -0.7804259579121965 -1.5179501974375322 -1.5179501974375322 -3.323578522202836 
-0.06835995845233013 0.08545908712385221 -1.4479343682653516 -1.4479343682653516 -2.78740309565907 
-0.7085079244213659 -0.8644769569649081 2.0464046509363603 2.0464046509363603 3.9380538698537313 
-0.3491744426602885 -0.1798900939256408 -2.6090167323379676 -0.4481878662297296 -3.0425859287211803 
-2.064528404687211 0.28815977518759384 -0.5681951598747199 -0.5681951598747199 -0.9699172372363036 
0.31282945763476283 0.26833798383693874 2.8624043629688614 2.8624043629688614 5.5578342505651674 
2.0470744031972368 -0.13343331421739377 1.5905740816019303 3.056979252715516 4.769335075026321 
-1.521151707635146 -0.16121675234875465 3.2795510589389814 2.6966698473483834 5.923656131226362 
1.853501860160859 0.8927623794246651 1.499756448720793 1.499756448720793 2.807569404368591 
-0.17675605477363698 -0.6455287574336228 -2.2430156672489243 -2.0950979275405106 -4.471320753336534 
-0.36306447291606325 -0.30184830092742737 1.1099427132016118 1.1099427132016118 2.3649827676989617 
-0.17434266010190436 -0.16850035889005088 -1.7883186083226317 -1.7883186083226317 -3.8520051854672555 
0.3722637662221728 0.997635446116241 -2.416713953852268 -1.297585089961248 -3.6951485324783406 
0.5872318418081893 -0.7393860812998407 1.7222786819402147 2.8648545161196592 4.398177077777686 
0.16787724357536818 -0.22234506588834616 -1.6543192803264493 -1.6543192803264493 -2.987609934981135 
0.2249605046752763 -2.138721785874032 -1.7464856453589217 -1.7464856453589217 -3.8062636133898207 
